Measurements with srate=44100, fragsize=64

8.746
8.746
8.746
8.633
8.859
8.610
8.995
8.859
9.109
8.633
8.882
8.746
8.746
8.882
8.995
8.859
8.746
8.746
8.837
8.859


Measurements with srate=48000, fragsize=32

5.098
5.223
5.223
5.306
5.202
5.077
4.973
5.223
5.223
5.077
5.077
4.598
4.973
5.077
5.098
5.077
5.223
5.202
5.327
5.223

Measurements with srate=48000, fragsize=48

6.098
6.098
7.077
6.952
6.952
6.098
7.077
6.098
6.098
6.202
6.098
6.202
6.952
6.223
6.931
6.952
6.098
6.807
6.348
6.806

Measurements with srate=48000, fragsize=64

7.973
7.723
7.848
7.702
7.577
7.848
7.723
8.077
7.973
8.098
8.077
7.848
7.723
7.723
7.848
7.973
7.827
7.848
7.598
7.723