Measurements with srate=44100, fragsize=64

8.854
8.605
8.741
8.718
8.741
8.605
8.469
8.968
8.741
8.605
8.990
8.741
8.990
8.741
8.605
8.990
8.718
8.854
8.605
9.467


Measurements with srate=48000, fragsize=32

4.656
4.656
4.656
4.156
4.156
4.760
4.656
4.760
4.656
4.656
4.656
4.281
4.656
4.760
4.760
4.760
4.635
4.656
4.510
4.781

Measurements with srate=48000, fragsize=48

6.031
6.260
6.281
6.385
6.031
6.260
6.531
6.406
6.281
6.406
6.281
6.281
6.531
6.281
6.281
6.031
6.260
6.260
6.531
6.385

Measurements with srate=48000, fragsize=64

8.510
8.406
7.781
7.781
7.781
7.906
7.781
8.510
7.906
7.656
8.385
8.510
7.781
8.031
7.906
8.510
7.906
8.385
8.510
8.531