Measurements with srate=44100, fragsize=64

8.968
8.854
8.854
8.968
8.968

8.990
8.990
8.968
8.854
8.854

8.854
8.854
8.718
8.854
9.104

9.217
8.854
9.217
8.968
8.968

8.854
8.854
8.854
9.104
8.854

Measurements with srate=48000, fragsize=64
8.031
7.906
7.906
7.906
8.031
7.906
8.031
8.031
7.906
8.031
8.010
7.906
7.906
7.906
7.906
7.906
8.031
8.031
8.031
8.031

Measurements with srate=48000, fragsize=48
6.531
6.031
6.031
6.031
6.031
6.531
6.031
5.906
6.510
6.531
6.531
6.031
6.031
5.906
6.531
6.531
5.906
6.031
6.031
6.281


Measurements with srate=48000, fragsize=32
4.656
4.656
4.656
4.656
4.656
4.656
4.656
4.656
4.656
4.656
4.656
4.656
4.635
4.656
4.656
4.656
4.656
4.656
4.656
4.656

